# ThisFile= /data01a/F2F/2017/analysis/FilterNotch100_96
FilterFunctions: Notch 
SamplingFrequency[Hz]= 3.109000e+03
NotchFilterCoefficients
NumberOfNotchFilters= 1
NumberOfPoles= 12 x 4
CenterFrequency[Hz]= 100.0000
Decay[dB/oct]= 96.0000
  0.9997316320062875
  0.9992079995090639
  0.9986983721769742
  0.9982114148450570
  0.9977553822005689
  0.9973379828371750
  0.9969662537811009
  0.9966464471986686
  0.9963839307433174
  0.9961831027560097
  0.9960473233002115
  0.9959788617936236
 -3.9185995243416194   5.8388555580425914  -3.9185995243416194   1.0000000000000000 
 -3.9185995243416194   5.8388555580425914  -3.9185995243416194   1.0000000000000000 
 -3.9185995243416194   5.8388555580425914  -3.9185995243416194   1.0000000000000000 
 -3.9185995243416194   5.8388555580425914  -3.9185995243416194   1.0000000000000000 
 -3.9185995243416194   5.8388555580425914  -3.9185995243416194   1.0000000000000000 
 -3.9185995243416194   5.8388555580425914  -3.9185995243416194   1.0000000000000000 
 -3.9185995243416194   5.8388555580425914  -3.9185995243416194   1.0000000000000000 
 -3.9185995243416194   5.8388555580425914  -3.9185995243416194   1.0000000000000000 
 -3.9185995243416194   5.8388555580425914  -3.9185995243416194   1.0000000000000000 
 -3.9185995243416194   5.8388555580425914  -3.9185995243416194   1.0000000000000000 
 -3.9185995243416194   5.8388555580425914  -3.9185995243416194   1.0000000000000000 
 -3.9185995243416194   5.8388555580425914  -3.9185995243416194   1.0000000000000000 
 -3.9180657107250698   5.8372804296322016  -3.9170300845731449   0.9994714304712731 
 -3.9170397618881219   5.8342230193927866  -3.9139522213009936   0.9984241611994549 
 -3.9160412532558131   5.8312473831752536  -3.9109566790910661   0.9974049023723083 
 -3.9150871617680365   5.8284041136290430  -3.9080943890403925   0.9964309837306894 
 -3.9141936607655134   5.8257414086132959  -3.9054138714353650   0.9955189147165415 
 -3.9133758536322896   5.8233042774300099  -3.9029604366748774   0.9946841125801641 
 -3.9126475279558628   5.8211338082013926  -3.9007754477466738   0.9939406514314914 
 -3.9120209335541882   5.8192665063724469  -3.8988956543047459   0.9933010356542383 
 -3.9115065872264188   5.8177337128524478  -3.8973526069183735   0.9927760005991308 
 -3.9111131066057601   5.8165611088830387  -3.8961721586279578   0.9923743429840221 
 -3.9108470750368705   5.8157683133620175  -3.8953740595750328   0.9921027829632900 
 -3.9107129389711521   5.8153685770730013  -3.8949716491864477   0.9919658593908758 
