# ThisFile= /data01a/F2F/2017/analysis/FilterNotch300_24
FilterFunctions: Notch 
SamplingFrequency[Hz]= 3.109000e+03
NotchFilterCoefficients
NumberOfNotchFilters= 1
NumberOfPoles= 6 x 4
CenterFrequency[Hz]= 300.0000
Decay[dB/oct]= 24.0000
  0.9983831065883664
  0.9953446191038995
  0.9926360673842332
  0.9904354516822391
  0.9888852612131765
  0.9880847281043040
 -3.2871312798137979   4.7013080126825741  -3.2871312798137979   1.0000000000000000 
 -3.2871312798137979   4.7013080126825741  -3.2871312798137979   1.0000000000000000 
 -3.2871312798137979   4.7013080126825741  -3.2871312798137979   1.0000000000000000 
 -3.2871312798137979   4.7013080126825741  -3.2871312798137979   1.0000000000000000 
 -3.2871312798137979   4.7013080126825741  -3.2871312798137979   1.0000000000000000 
 -3.2871312798137979   4.7013080126825741  -3.2871312798137979   1.0000000000000000 
 -3.2844134902509836   4.6936330984277141  -3.2792191875576022   0.9968396134798270 
 -3.2794197201999031   4.6793484562576495  -3.2642371431016537   0.9907624151237977 
 -3.2749682013015651   4.6666149194857072  -3.2508819318385749   0.9853451125539749 
 -3.2713514779012764   4.6562693090405380  -3.2400312298211134   0.9809437193625337 
 -3.2688037317685539   4.6489815001358767  -3.2323876167927859   0.9778432244556834 
 -3.2674880514228493   4.6452180062712500  -3.2284403822930887   0.9762420993834038 
