# ThisFile= /data01a/F2F/2017/analysis/FilterNotch500_96
FilterFunctions: Notch 
SamplingFrequency[Hz]= 3.109000e+03
NotchFilterCoefficients
NumberOfNotchFilters= 1
NumberOfPoles= 12 x 4
CenterFrequency[Hz]= 500.0000
Decay[dB/oct]= 96.0000
  0.9985780864051991
  0.9959713277688071
  0.9934447206940333
  0.9910400608558848
  0.9887965294002680
  0.9867501593044100
  0.9849333788431668
  0.9833746291878036
  0.9820980515259310
  0.9811232381948798
  0.9804650421108718
  0.9801334391678825
 -2.1259139159161848   3.1298774944715220  -2.1259139159161848   1.0000000000000000 
 -2.1259139159161848   3.1298774944715220  -2.1259139159161848   1.0000000000000000 
 -2.1259139159161848   3.1298774944715220  -2.1259139159161848   1.0000000000000000 
 -2.1259139159161848   3.1298774944715220  -2.1259139159161848   1.0000000000000000 
 -2.1259139159161848   3.1298774944715220  -2.1259139159161848   1.0000000000000000 
 -2.1259139159161848   3.1298774944715220  -2.1259139159161848   1.0000000000000000 
 -2.1259139159161848   3.1298774944715220  -2.1259139159161848   1.0000000000000000 
 -2.1259139159161848   3.1298774944715220  -2.1259139159161848   1.0000000000000000 
 -2.1259139159161848   3.1298774944715220  -2.1259139159161848   1.0000000000000000 
 -2.1259139159161848   3.1298774944715220  -2.1259139159161848   1.0000000000000000 
 -2.1259139159161848   3.1298774944715220  -2.1259139159161848   1.0000000000000000 
 -2.1259139159161848   3.1298774944715220  -2.1259139159161848   1.0000000000000000 
 -2.1242940934084724   3.1252231394178200  -2.1214880066270601   0.9973601125046468 
 -2.1215235041259470   3.1170648366068141  -2.1131751069885052   0.9921460628533076 
 -2.1188381038035726   3.1091573819953027  -2.1051178090302525   0.9870923326945653 
 -2.1162823149082430   3.1016315823899205  -2.0974493982996516   0.9822825219143688 
 -2.1138977810587480   3.0946100619754819  -2.0902948226645641   0.9777950008065003 
 -2.1117227998477870   3.0882055921974496  -2.0837689905477270   0.9737018426844318 
 -2.1097918376158606   3.0825196629606495  -2.0779753150502116   0.9700679107207054 
 -2.1081351230167420   3.0776412858383977  -2.0730044944817974   0.9669500930663936 
 -2.1067783144733965   3.0736460148601314  -2.0689335145928971   0.9643966770270755 
 -2.1057422356704851   3.0705951676401795  -2.0658248549440050   0.9624468512787570 
 -2.1050426730064569   3.0685352289533396  -2.0637258811792445   0.9611303246872941 
 -2.1046902293444028   3.0674974200882756  -2.0626684062191778   0.9604670510780157 
