# ThisFile= /data01a/F2F/2017/analysis/FilterNotch700_192
FilterFunctions: Notch 
SamplingFrequency[Hz]= 3.109000e+03
NotchFilterCoefficients
NumberOfNotchFilters= 1
NumberOfPoles= 20 x 4
CenterFrequency[Hz]= 700.0000
Decay[dB/oct]= 192.0000
  0.9986906855849702
  0.9964864600442404
  0.9943122145176748
  0.9921809387297158
  0.9901051983814669
  0.9880970732045625
  0.9861681011799507
  0.9843292287557592
  0.9825907668189886
  0.9809623521122742
  0.9794529137392290
  0.9780706443693273
  0.9768229757351957
  0.9757165580104068
  0.9747572426633514
  0.9739500684011229
  0.9732992498453561
  0.9728081686182418
  0.9724793665602161
  0.9723145408498368
 -0.6220072298855135   2.0967232485074625  -0.6220072298855135   1.0000000000000000 
 -0.6220072298855135   2.0967232485074625  -0.6220072298855135   1.0000000000000000 
 -0.6220072298855135   2.0967232485074625  -0.6220072298855135   1.0000000000000000 
 -0.6220072298855135   2.0967232485074625  -0.6220072298855135   1.0000000000000000 
 -0.6220072298855135   2.0967232485074625  -0.6220072298855135   1.0000000000000000 
 -0.6220072298855135   2.0967232485074625  -0.6220072298855135   1.0000000000000000 
 -0.6220072298855135   2.0967232485074625  -0.6220072298855135   1.0000000000000000 
 -0.6220072298855135   2.0967232485074625  -0.6220072298855135   1.0000000000000000 
 -0.6220072298855135   2.0967232485074625  -0.6220072298855135   1.0000000000000000 
 -0.6220072298855135   2.0967232485074625  -0.6220072298855135   1.0000000000000000 
 -0.6220072298855135   2.0967232485074625  -0.6220072298855135   1.0000000000000000 
 -0.6220072298855135   2.0967232485074625  -0.6220072298855135   1.0000000000000000 
 -0.6220072298855135   2.0967232485074625  -0.6220072298855135   1.0000000000000000 
 -0.6220072298855135   2.0967232485074625  -0.6220072298855135   1.0000000000000000 
 -0.6220072298855135   2.0967232485074625  -0.6220072298855135   1.0000000000000000 
 -0.6220072298855135   2.0967232485074625  -0.6220072298855135   1.0000000000000000 
 -0.6220072298855135   2.0967232485074625  -0.6220072298855135   1.0000000000000000 
 -0.6220072298855135   2.0967232485074625  -0.6220072298855135   1.0000000000000000 
 -0.6220072298855135   2.0967232485074625  -0.6220072298855135   1.0000000000000000 
 -0.6220072298855135   2.0967232485074625  -0.6220072298855135   1.0000000000000000 
 -0.6215378600820818   2.0935781871213277  -0.6208477936242613   0.9977811625824753 
 -0.6208524751833465   2.0889574185708888  -0.6187910900777317   0.9933718291152525 
 -0.6201764123111430   2.0843994978116727  -0.6167623600757959   0.9890224676778255 
 -0.6195137105081218   2.0799316555009204  -0.6147737239808359   0.9847590629190647 
 -0.6188682769705385   2.0755802334060243  -0.6128369065104676   0.9806067512714248 
 -0.6182438677866379   2.0713705545454335  -0.6109631789372689   0.9765896970338784 
 -0.6176440705919670   2.0673268062532091  -0.6091633070408290   0.9727309807871553 
 -0.6170722890900505   2.0634719358195963  -0.6074475046573773   0.9690524998095443 
 -0.6165317293621682   2.0598275581934731  -0.6058253925981552   0.9655748800026536 
 -0.6160253878702305   2.0564138750994250  -0.6043059626484364   0.9623173987094934 
 -0.6155560410419045   2.0532496048221254  -0.6028975463145606   0.9592979177117479 
 -0.6151262363170209   2.0503519218424784  -0.6016077879559881   0.9565328256280200 
 -0.6147382845286680   2.0477364054720186  -0.6004436219224784   0.9540369888985991 
 -0.6143942534908950   2.0454169966221136  -0.5994112533120670   0.9518237105327993 
 -0.6140959626672714   2.0434059618601452  -0.5985161419724736   0.9499046958098364 
 -0.6138449788002593   2.0417138639433445  -0.5977629893857184   0.9482900241609700 
 -0.6136426123900636   2.0403495380796977  -0.5971557281018530   0.9469881265166478 
 -0.6134899149229046   2.0393200732413526  -0.5966975134215591   0.9460057674749657 
 -0.6133876767621177   2.0386307979467118  -0.5963907170677600   0.9453480317343379 
 -0.6133364256307204   2.0382852700301020  -0.5962369226321036   0.9450183143312845 
