# ThisFile= /data01a/F2F/2017/analysis/FilterNotch500_144
FilterFunctions: Notch 
SamplingFrequency[Hz]= 3.109000e+03
NotchFilterCoefficients
NumberOfNotchFilters= 1
NumberOfPoles= 16 x 4
CenterFrequency[Hz]= 500.0000
Decay[dB/oct]= 144.0000
  0.9989074028059055
  0.9969417850491065
  0.9950121620738613
  0.9931366382386371
  0.9913326069109594
  0.9896166099465300
  0.9880042110688404
  0.9865098830594207
  0.9851469084193705
  0.9839272929703372
  0.9828616917278619
  0.9819593463001246
  0.9812280330371520
  0.9806740211747750
  0.9803020402783983
  0.9801152563876672
 -2.1259139159161844   3.1298774944715220  -2.1259139159161844   1.0000000000000000 
 -2.1259139159161844   3.1298774944715220  -2.1259139159161844   1.0000000000000000 
 -2.1259139159161844   3.1298774944715220  -2.1259139159161844   1.0000000000000000 
 -2.1259139159161844   3.1298774944715220  -2.1259139159161844   1.0000000000000000 
 -2.1259139159161844   3.1298774944715220  -2.1259139159161844   1.0000000000000000 
 -2.1259139159161844   3.1298774944715220  -2.1259139159161844   1.0000000000000000 
 -2.1259139159161844   3.1298774944715220  -2.1259139159161844   1.0000000000000000 
 -2.1259139159161844   3.1298774944715220  -2.1259139159161844   1.0000000000000000 
 -2.1259139159161844   3.1298774944715220  -2.1259139159161844   1.0000000000000000 
 -2.1259139159161844   3.1298774944715220  -2.1259139159161844   1.0000000000000000 
 -2.1259139159161844   3.1298774944715220  -2.1259139159161844   1.0000000000000000 
 -2.1259139159161844   3.1298774944715220  -2.1259139159161844   1.0000000000000000 
 -2.1259139159161844   3.1298774944715220  -2.1259139159161844   1.0000000000000000 
 -2.1259139159161844   3.1298774944715220  -2.1259139159161844   1.0000000000000000 
 -2.1259139159161844   3.1298774944715220  -2.1259139159161844   1.0000000000000000 
 -2.1259139159161844   3.1298774944715220  -2.1259139159161844   1.0000000000000000 
 -2.1246441068226871   3.1262537921526334  -2.1225381898508484   0.9980188125623785 
 -2.1225549531072261   3.1201020508111896  -2.1162698752812079   0.9940871756104858 
 -2.1205040563882536   3.1140629613752324  -2.1101163473290891   0.9902275355729181 
 -2.1185106588544547   3.1081931845714239  -2.1041353404210166   0.9864761048640642 
 -2.1165932470189186   3.1025471559570872  -2.0983823216480348   0.9828676737712254 
 -2.1147694023667443   3.0971766461357570  -2.0929100426475098   0.9794353293841496 
 -2.1130556667767606   3.0921303644767351  -2.0877681358133171   0.9762102023283992 
 -2.1114674226218644   3.0874536060574393  -2.0830027545478762   0.9732212411228132 
 -2.1100187871872831   3.0831879407664484  -2.0786562564738098   0.9704950134822770 
 -2.1087225208415159   3.0793709429027842  -2.0747669279092453   0.9680555335020354 
 -2.1075899482509310   3.0760359591837196  -2.0713687474794384   0.9659241133892451 
 -2.1066308918441270   3.0732119128232949  -2.0684911864826625   0.9641192382476810 
 -2.1058536167023956   3.0709231412562823  -2.0661590435390975   0.9626564623655607 
 -2.1052647860730977   3.0691892651424526  -2.0643923111127762   0.9615483254949133 
 -2.1048694267673236   3.0680250864762022  -2.0632060716904261   0.9608042877324674 
 -2.1046709038052875   3.0674405139271634  -2.0626104217073125   0.9604306818041140 
