# ThisFile= /data01a/F2F/2017/analysis/FilterNotch300_48
FilterFunctions: Notch 
SamplingFrequency[Hz]= 3.109000e+03
NotchFilterCoefficients
NumberOfNotchFilters= 1
NumberOfPoles= 8 x 4
CenterFrequency[Hz]= 300.0000
Decay[dB/oct]= 48.0000
  0.9987761902752142
  0.9964558721805165
  0.9942800196128327
  0.9923299122924797
  0.9906774912510262
  0.9893830478523202
  0.9884933854672814
  0.9880404549783846
 -3.2871312798137979   4.7013080126825741  -3.2871312798137979   1.0000000000000000 
 -3.2871312798137979   4.7013080126825741  -3.2871312798137979   1.0000000000000000 
 -3.2871312798137979   4.7013080126825741  -3.2871312798137979   1.0000000000000000 
 -3.2871312798137979   4.7013080126825741  -3.2871312798137979   1.0000000000000000 
 -3.2871312798137979   4.7013080126825741  -3.2871312798137979   1.0000000000000000 
 -3.2871312798137979   4.7013080126825741  -3.2871312798137979   1.0000000000000000 
 -3.2871312798137979   4.7013080126825741  -3.2871312798137979   1.0000000000000000 
 -3.2871312798137979   4.7013080126825741  -3.2871312798137979   1.0000000000000000 
 -3.2850595253434385   4.6954810770151587  -3.2811573878303921   0.9976258097527110 
 -3.2812460704355222   4.6845727175524567  -3.2697164623619082   0.9929850029754412 
 -3.2776700453758139   4.6743435244084761  -3.2589878613506245   0.9886331378731866 
 -3.2744650338091863   4.6651756126079933  -3.2493723553738008   0.9847327798621985 
 -3.2717492711967791   4.6574071938101165  -3.2412246682006405   0.9814278162946586 
 -3.2696218467099829   4.6513217118542274  -3.2348420819157653   0.9788388343308346 
 -3.2681596819333651   4.6471392003621057  -3.2304553725837106   0.9770594441535111 
 -3.2674152883091567   4.6450098679245428  -3.2282220822526488   0.9761535498766404 
