# ThisFile= /data01a/F2F/2017/analysis/FilterNotch700_96
FilterFunctions: Notch 
SamplingFrequency[Hz]= 3.109000e+03
NotchFilterCoefficients
NumberOfNotchFilters= 1
NumberOfPoles= 12 x 4
CenterFrequency[Hz]= 700.0000
Decay[dB/oct]= 96.0000
  0.9979534298939220
  0.9943122145176755
  0.9907901849264932
  0.9874447345514478
  0.9843292287557600
  0.9814923634696453
  0.9789776445233327
  0.9768229757351955
  0.9750603418471071
  0.9737155718189577
  0.9728081686182414
  0.9723511932609016
 -0.6220072298855134   2.0967232485074625  -0.6220072298855134   1.0000000000000000 
 -0.6220072298855134   2.0967232485074625  -0.6220072298855134   1.0000000000000000 
 -0.6220072298855134   2.0967232485074625  -0.6220072298855134   1.0000000000000000 
 -0.6220072298855134   2.0967232485074625  -0.6220072298855134   1.0000000000000000 
 -0.6220072298855134   2.0967232485074625  -0.6220072298855134   1.0000000000000000 
 -0.6220072298855134   2.0967232485074625  -0.6220072298855134   1.0000000000000000 
 -0.6220072298855134   2.0967232485074625  -0.6220072298855134   1.0000000000000000 
 -0.6220072298855134   2.0967232485074625  -0.6220072298855134   1.0000000000000000 
 -0.6220072298855134   2.0967232485074625  -0.6220072298855134   1.0000000000000000 
 -0.6220072298855134   2.0967232485074625  -0.6220072298855134   1.0000000000000000 
 -0.6220072298855134   2.0967232485074625  -0.6220072298855134   1.0000000000000000 
 -0.6220072298855134   2.0967232485074625  -0.6220072298855134   1.0000000000000000 
 -0.6213086167910417   2.0920326611087310  -0.6201598801750885   0.9963063560654601 
 -0.6201764123111431   2.0843994978116740  -0.6167623600757959   0.9890224676778255 
 -0.6190812676219588   2.0770161864091286  -0.6134760490258081   0.9819769985722432 
 -0.6180410287152975   2.0700030420668551  -0.6103544992914667   0.9752847585863408 
 -0.6170722890900507   2.0634719358195968  -0.6074475046573773   0.9690524998095441 
 -0.6161901903252368   2.0575249500626076  -0.6048005019858420   0.9633776335960237 
 -0.6154082601830995   2.0522532870655139  -0.6024540853965067   0.9583471890222972 
 -0.6147382845286680   2.0477364054720173  -0.6004436219224781   0.9540369888985986 
 -0.6141902087412444   2.0440413556300125  -0.5987989556658372   0.9505110155126653 
 -0.6137720641128777   2.0412222833804505  -0.5975441869341196   0.9478209371240106 
 -0.6134899149229047   2.0393200732413508  -0.5966975134215590   0.9460057674749651 
 -0.6133478223814529   2.0383621053199632  -0.5962711220107205   0.9450916338259432 
