# ThisFile= /data01a/F2F/2017/analysis/FilterNotch100_48
FilterFunctions: Notch 
SamplingFrequency[Hz]= 3.109000e+03
NotchFilterCoefficients
NumberOfNotchFilters= 1
NumberOfPoles= 8 x 4
CenterFrequency[Hz]= 100.0000
Decay[dB/oct]= 48.0000
  0.9995998961445615
  0.9988239862425985
  0.9980941960400433
  0.9974383133828025
  0.9968812089071597
  0.9964439311024256
  0.9961429519721188
  0.9959895841048965
 -3.9185995243416194   5.8388555580425914  -3.9185995243416194   1.0000000000000000 
 -3.9185995243416194   5.8388555580425914  -3.9185995243416194   1.0000000000000000 
 -3.9185995243416194   5.8388555580425914  -3.9185995243416194   1.0000000000000000 
 -3.9185995243416194   5.8388555580425914  -3.9185995243416194   1.0000000000000000 
 -3.9185995243416194   5.8388555580425914  -3.9185995243416194   1.0000000000000000 
 -3.9185995243416194   5.8388555580425914  -3.9185995243416194   1.0000000000000000 
 -3.9185995243416194   5.8388555580425914  -3.9185995243416194   1.0000000000000000 
 -3.9185995243416194   5.8388555580425914  -3.9185995243416194   1.0000000000000000 
 -3.9178076017367278   5.8365112440398761  -3.9162557533912943   0.9992079576717174 
 -3.9162873678594998   5.8319808245343951  -3.9116950269229909   0.9976561315296537 
 -3.9148574959292857   5.8277196909154014  -3.9074053877720032   0.9961965451631426 
 -3.9135724304435890   5.8238900921744259  -3.9035501703203264   0.9948847744909850 
 -3.9124809002351411   5.8206372441612011  -3.9002755618622498   0.9937705609889074 
 -3.9116241454356020   5.8180840457925891  -3.8977052834665145   0.9928960018074691 
 -3.9110344395057344   5.8163266745833351  -3.8959361560426684   0.9922940410882620 
 -3.9107339471072740   5.8154311830121852  -3.8950346739380306   0.9919873041010079 
